time	V(N001,N002)	V(N001,Vin)	V(vin)	V(n002)
0.000000000000000e+00	0.000000e+00	0.000000e+00	0.000000e+00	0.000000e+00
8.158344775991160e-08	5.977283e-06	3.278636e-09	2.563021e-04	2.503281e-04
1.631668955198232e-07	2.068938e-05	7.412567e-10	5.126040e-04	4.919154e-04
2.447503432797348e-07	4.413630e-05	-7.612137e-09	7.689056e-04	7.247617e-04
3.263337910396464e-07	7.631804e-05	-2.178154e-08	1.025207e-03	9.488672e-04
4.079172387995580e-07	1.172346e-04	-4.176697e-08	1.281508e-03	1.164232e-03
4.895006865594696e-07	1.668860e-04	-6.756840e-08	1.537809e-03	1.370856e-03
5.710841343193810e-07	2.252721e-04	-9.918585e-08	1.794110e-03	1.568738e-03
7.224295649908358e-07	3.522306e-04	-1.974404e-07	2.269572e-03	1.917144e-03
9.091095682095636e-07	5.421788e-04	-3.855675e-07	2.856036e-03	2.313472e-03
1.155009189178667e-06	8.436595e-04	-7.697381e-07	3.628537e-03	2.784107e-03
1.467040879572749e-06	1.300474e-03	-1.526438e-06	4.608780e-03	3.306780e-03
1.881562868534861e-06	2.017306e-03	-3.086403e-06	5.910967e-03	3.890574e-03
2.425403571642284e-06	3.112564e-03	-6.265938e-06	7.619335e-03	4.500506e-03
3.168039299063541e-06	4.824306e-03	-1.302641e-05	9.952032e-03	5.114699e-03
4.193864499430216e-06	7.471572e-03	-2.764072e-05	1.317389e-02	5.674677e-03
5.684979295393391e-06	1.166571e-02	-6.100722e-05	1.785609e-02	6.129375e-03
7.875428199608446e-06	1.817538e-02	-1.370907e-04	2.473129e-02	6.418820e-03
1.093648816227886e-05	2.750626e-02	-3.024749e-04	3.433096e-02	6.522226e-03
2.063591771660386e-05	5.703898e-02	-1.200318e-03	6.464815e-02	6.408852e-03
3.040154271660386e-05	8.601816e-02	-2.694800e-03	9.492949e-02	6.216530e-03
4.504998021660385e-05	1.277151e-01	-6.041229e-03	1.396463e-01	5.890033e-03
5.969841771660384e-05	1.670112e-01	-1.065020e-02	1.831810e-01	5.519676e-03
7.434685521660386e-05	2.036144e-01	-1.644224e-02	2.251651e-01	5.108408e-03
8.899529271660387e-05	2.372545e-01	-2.332906e-02	2.652431e-01	4.659531e-03
1.036437302166039e-04	2.676847e-01	-3.121433e-02	3.030757e-01	4.176671e-03
1.182921677166039e-04	2.946846e-01	-3.999445e-02	3.383428e-01	3.663747e-03
1.329406052166039e-04	3.180615e-01	-4.955932e-02	3.707457e-01	3.124939e-03
1.475890427166039e-04	3.376522e-01	-5.979338e-02	4.000102e-01	2.564649e-03
1.622374802166039e-04	3.533246e-01	-7.057646e-02	4.258886e-01	1.987466e-03
1.761883730737468e-04	3.644855e-01	-8.151900e-02	4.474203e-01	1.415798e-03
1.901392659308897e-04	3.719480e-01	-9.246200e-02	4.652578e-01	8.478950e-04
2.040901587880325e-04	3.757121e-01	-1.034054e-01	4.794013e-01	2.837561e-04
2.180410516451754e-04	3.757780e-01	-1.143493e-01	4.898507e-01	-2.766183e-04
2.319919445023183e-04	3.721455e-01	-1.252937e-01	4.966060e-01	-8.332282e-04
2.459428373594611e-04	3.648148e-01	-1.362385e-01	4.996672e-01	-1.386074e-03
2.598937302166040e-04	3.537857e-01	-1.471837e-01	4.990342e-01	-1.935155e-03
2.731470784308897e-04	3.397709e-01	-1.571645e-01	4.944982e-01	-2.437229e-03
2.864004266451755e-04	3.231251e-01	-1.665226e-01	4.867358e-01	-2.911936e-03
2.996537748594612e-04	3.038481e-01	-1.752580e-01	4.757468e-01	-3.359276e-03
3.129071230737469e-04	2.819400e-01	-1.833707e-01	4.615315e-01	-3.779249e-03
3.261604712880327e-04	2.574009e-01	-1.908607e-01	4.440897e-01	-4.171854e-03
3.394138195023184e-04	2.302306e-01	-1.977280e-01	4.234215e-01	-4.537093e-03
3.526671677166041e-04	2.004291e-01	-2.039726e-01	3.995268e-01	-4.874965e-03
3.673156052166041e-04	1.657267e-01	-2.096768e-01	3.702052e-01	-5.198397e-03
3.819640427166041e-04	1.289587e-01	-2.142658e-01	3.377497e-01	-5.474811e-03
3.966124802166041e-04	9.045674e-02	-2.176803e-01	3.024351e-01	-5.701961e-03
4.112609177166041e-04	5.056654e-02	-2.198719e-01	2.645604e-01	-5.878014e-03
4.210265427166042e-04	2.337770e-02	-2.206344e-01	2.380458e-01	-5.966283e-03
4.259093552166042e-04	9.644982e-03	-2.208027e-01	2.244461e-01	-6.001565e-03
4.307921677166042e-04	-4.161819e-03	-2.208279e-01	2.106352e-01	-6.030903e-03
4.454406052166042e-04	-4.588978e-02	-2.200388e-01	1.680660e-01	-6.083036e-03
4.524160516451756e-04	-6.594347e-02	-2.192016e-01	1.471694e-01	-6.088729e-03
4.593914980737470e-04	-8.589606e-02	-2.180708e-01	1.260925e-01	-6.082279e-03
4.663669445023184e-04	-1.057476e-01	-2.166464e-01	1.048351e-01	-6.063686e-03
4.733423909308899e-04	-1.254980e-01	-2.149283e-01	8.339735e-02	-6.032950e-03
4.803178373594613e-04	-1.451473e-01	-2.129165e-01	6.177913e-02	-5.990071e-03
4.872932837880328e-04	-1.646955e-01	-2.106111e-01	3.998049e-02	-5.935048e-03
4.942687302166042e-04	-1.841427e-01	-2.080120e-01	1.800142e-02	-5.867883e-03
4.977564534308899e-04	-1.937412e-01	-2.066060e-01	7.034933e-03	-5.829910e-03
5.012441766451756e-04	-2.032633e-01	-2.051305e-01	-3.921796e-03	-5.789063e-03
5.047318998594613e-04	-2.127089e-01	-2.035855e-01	-1.486876e-02	-5.745344e-03
5.082196230737471e-04	-2.220781e-01	-2.019709e-01	-2.580597e-02	-5.698751e-03
5.117073462880328e-04	-2.313709e-01	-2.002867e-01	-3.673341e-02	-5.649284e-03
5.151950695023185e-04	-2.405872e-01	-1.985330e-01	-4.765110e-02	-5.596945e-03
5.186827927166042e-04	-2.497271e-01	-1.967098e-01	-5.855902e-02	-5.541732e-03
5.277508730737471e-04	-2.731961e-01	-1.916181e-01	-8.696173e-02	-5.383700e-03
5.368189534308899e-04	-2.957758e-01	-1.861241e-01	-1.148607e-01	-5.208993e-03
5.458870337880328e-04	-3.174659e-01	-1.802276e-01	-1.422559e-01	-5.017610e-03
5.549551141451756e-04	-3.382666e-01	-1.739288e-01	-1.691474e-01	-4.809551e-03
5.640231945023185e-04	-3.581779e-01	-1.672277e-01	-1.955351e-01	-4.584816e-03
5.730912748594614e-04	-3.771997e-01	-1.601241e-01	-2.214190e-01	-4.343404e-03
5.821593552166042e-04	-3.953321e-01	-1.526182e-01	-2.467992e-01	-4.085317e-03
5.968077927166043e-04	-4.223558e-01	-1.395897e-01	-2.863972e-01	-3.631100e-03
6.114562302166043e-04	-4.457745e-01	-1.260527e-01	-3.228769e-01	-3.155059e-03
6.261046677166043e-04	-4.655882e-01	-1.120072e-01	-3.562382e-01	-2.657193e-03
6.407531052166043e-04	-4.817969e-01	-9.745318e-02	-3.864812e-01	-2.137503e-03
6.554015427166043e-04	-4.944005e-01	-8.239065e-02	-4.136059e-01	-1.595989e-03
6.700499802166043e-04	-5.033992e-01	-6.681961e-02	-4.376122e-01	-1.032650e-03
6.846984177166043e-04	-5.087928e-01	-5.074006e-02	-4.585002e-01	-4.474861e-04
6.979517659308900e-04	-5.098377e-01	-3.614009e-02	-4.736123e-01	8.531932e-05
7.112051141451758e-04	-5.077010e-01	-2.178188e-02	-4.853093e-01	6.097530e-04
7.244584623594616e-04	-5.023827e-01	-7.665441e-03	-4.935914e-01	1.125815e-03
7.377118105737473e-04	-4.938828e-01	6.209238e-03	-4.984585e-01	1.633505e-03
7.509651587880330e-04	-4.822013e-01	1.984215e-02	-4.999106e-01	2.132824e-03
7.642185070023187e-04	-4.673382e-01	3.323331e-02	-4.979477e-01	2.623770e-03
7.774718552166044e-04	-4.492935e-01	4.638270e-02	-4.925699e-01	3.106345e-03
7.914227480737473e-04	-4.268027e-01	5.959220e-02	-4.828044e-01	3.590515e-03
8.053736409308901e-04	-4.017974e-01	7.190360e-02	-4.696608e-01	4.040288e-03
8.193245337880331e-04	-3.742776e-01	8.331690e-02	-4.531388e-01	4.455663e-03
8.332754266451759e-04	-3.442432e-01	9.383210e-02	-4.332387e-01	4.836640e-03
8.472263195023188e-04	-3.116943e-01	1.034492e-01	-4.099602e-01	5.183219e-03
8.611772123594617e-04	-2.766308e-01	1.121682e-01	-3.833036e-01	5.495400e-03
8.751281052166045e-04	-2.390528e-01	1.199891e-01	-3.532687e-01	5.773184e-03
8.834986409308902e-04	-2.158922e-01	1.240553e-01	-3.340320e-01	5.915550e-03
8.918691766451759e-04	-1.923690e-01	1.276884e-01	-3.140162e-01	6.041137e-03
9.002397123594617e-04	-1.684830e-01	1.308885e-01	-2.932215e-01	6.149946e-03
9.086102480737474e-04	-1.442342e-01	1.336555e-01	-2.716478e-01	6.241978e-03
9.169807837880331e-04	-1.196228e-01	1.359896e-01	-2.492951e-01	6.317232e-03
9.253513195023188e-04	-9.464856e-02	1.378905e-01	-2.261634e-01	6.375707e-03
9.337218552166046e-04	-6.931163e-02	1.393584e-01	-2.022527e-01	6.417405e-03
9.372095784308903e-04	-5.876991e-02	1.398314e-01	-1.921720e-01	6.429390e-03
9.406973016451760e-04	-4.822355e-02	1.402261e-01	-1.820113e-01	6.438330e-03
9.441850248594617e-04	-3.767256e-02	1.405424e-01	-1.717707e-01	6.444225e-03
9.476727480737475e-04	-2.711692e-02	1.407802e-01	-1.614501e-01	6.447077e-03
9.511604712880332e-04	-1.655665e-02	1.409398e-01	-1.510495e-01	6.446884e-03
9.546481945023189e-04	-5.991732e-03	1.410209e-01	-1.405690e-01	6.443646e-03
9.581359177166046e-04	4.577822e-03	1.410237e-01	-1.300085e-01	6.437365e-03
9.727843552166046e-04	4.871942e-02	1.401816e-01	-8.508439e-02	6.377801e-03
9.769696230737474e-04	6.125920e-02	1.396873e-01	-7.207720e-02	6.350922e-03
9.811548909308902e-04	7.372086e-02	1.390834e-01	-5.904276e-02	6.319779e-03
9.853401587880330e-04	8.610440e-02	1.383698e-01	-4.598108e-02	6.284373e-03
9.895254266451756e-04	9.840981e-02	1.375466e-01	-3.289214e-02	6.244703e-03
9.937106945023184e-04	1.106371e-01	1.366138e-01	-1.977595e-02	6.200769e-03
9.978959623594612e-04	1.227862e-01	1.355713e-01	-6.632503e-03	6.152572e-03
1.002081230216604e-03	1.348573e-01	1.344192e-01	6.538191e-03	6.100112e-03
1.007661587359461e-03	1.508023e-01	1.327121e-01	2.411373e-02	6.023514e-03
1.013241944502318e-03	1.664909e-01	1.308246e-01	4.160618e-02	5.939902e-03
1.018822301645175e-03	1.819231e-01	1.287569e-01	5.901553e-02	5.849277e-03
1.024402658788032e-03	1.970989e-01	1.265087e-01	7.634178e-02	5.751638e-03
1.029983015930889e-03	2.120182e-01	1.240803e-01	9.358493e-02	5.646984e-03
1.035563373073746e-03	2.266811e-01	1.214714e-01	1.107450e-01	5.535317e-03
1.041143730216603e-03	2.410876e-01	1.186823e-01	1.278220e-01	5.416636e-03
1.052304444502317e-03	2.691226e-01	1.125194e-01	1.617597e-01	5.156515e-03
1.063465158788031e-03	2.954520e-01	1.058103e-01	1.945168e-01	4.875194e-03
1.074625873073745e-03	3.200759e-01	9.855500e-02	2.260935e-01	4.572673e-03
1.085786587359459e-03	3.429942e-01	9.075347e-02	2.564897e-01	4.248952e-03
1.096947301645173e-03	3.642071e-01	8.240572e-02	2.857054e-01	3.904031e-03
1.108108015930887e-03	3.837144e-01	7.351175e-02	3.137406e-01	3.537910e-03
1.119268730216601e-03	4.015162e-01	6.407157e-02	3.405952e-01	3.150589e-03
1.132522078430887e-03	4.198369e-01	5.225605e-02	3.702480e-01	2.667179e-03
1.145775426645172e-03	4.349531e-01	4.019428e-02	3.969333e-01	2.174461e-03
1.159028774859458e-03	4.468649e-01	2.788627e-02	4.206510e-01	1.672433e-03
1.172282123073743e-03	4.555722e-01	1.533200e-02	4.414013e-01	1.161097e-03
1.185535471288029e-03	4.610751e-01	2.531482e-03	4.591841e-01	6.404520e-04
1.198788819502314e-03	4.633736e-01	-1.051528e-02	4.739994e-01	1.104979e-04
1.212042167716599e-03	4.624676e-01	-2.380830e-02	4.858472e-01	-4.287651e-04
1.226690605216599e-03	4.571800e-01	-3.844867e-02	4.946064e-01	-1.022320e-03
1.241339042716599e-03	4.482067e-01	-5.257478e-02	4.991864e-01	-1.595172e-03
1.255987480216599e-03	4.355478e-01	-6.618665e-02	4.995871e-01	-2.147320e-03
1.270635917716598e-03	4.192032e-01	-7.928427e-02	4.958087e-01	-2.678765e-03
1.285284355216598e-03	3.991730e-01	-9.186764e-02	4.878511e-01	-3.189507e-03
1.299932792716598e-03	3.754570e-01	-1.039368e-01	4.757142e-01	-3.679546e-03
1.314581230216597e-03	3.480555e-01	-1.154916e-01	4.593982e-01	-4.148882e-03
1.326439489145168e-03	3.235595e-01	-1.240658e-01	4.431275e-01	-4.497784e-03
1.338297748073740e-03	2.975999e-01	-1.319070e-01	4.246894e-01	-4.817534e-03
1.350156007002311e-03	2.701764e-01	-1.390154e-01	4.040837e-01	-5.108130e-03
1.362014265930882e-03	2.412893e-01	-1.453909e-01	3.813106e-01	-5.369573e-03
1.373872524859453e-03	2.109383e-01	-1.510336e-01	3.563700e-01	-5.601862e-03
1.385730783788024e-03	1.791236e-01	-1.559433e-01	3.292619e-01	-5.804999e-03
1.397589042716596e-03	1.458451e-01	-1.601202e-01	2.999864e-01	-5.978982e-03
1.403866944502310e-03	1.280170e-01	-1.619512e-01	2.839122e-01	-6.055997e-03
1.410144846288024e-03	1.100475e-01	-1.635380e-01	2.674622e-01	-6.123315e-03
1.416422748073738e-03	9.193648e-02	-1.648805e-01	2.506361e-01	-6.180936e-03
1.422700649859452e-03	7.368400e-02	-1.659789e-01	2.334340e-01	-6.228859e-03
1.428978551645166e-03	5.529005e-02	-1.668330e-01	2.158560e-01	-6.267086e-03
1.435256453430881e-03	3.675462e-02	-1.674430e-01	1.979020e-01	-6.295616e-03
1.441534355216595e-03	1.807773e-02	-1.678087e-01	1.795720e-01	-6.314448e-03
1.461065605216594e-03	-3.993173e-02	-1.673407e-01	1.210997e-01	-6.309299e-03
1.465948417716594e-03	-5.442608e-02	-1.668453e-01	1.061263e-01	-6.292993e-03
1.470831230216594e-03	-6.884236e-02	-1.662017e-01	9.108854e-02	-6.270802e-03
1.475714042716594e-03	-8.318057e-02	-1.654098e-01	7.598650e-02	-6.242726e-03
1.480596855216594e-03	-9.744071e-02	-1.644696e-01	6.082014e-02	-6.208764e-03
1.485479667716594e-03	-1.116228e-01	-1.633812e-01	4.558946e-02	-6.168917e-03
1.490362480216594e-03	-1.257268e-01	-1.621444e-01	3.029445e-02	-6.123184e-03
1.495245292716593e-03	-1.397527e-01	-1.607594e-01	1.493513e-02	-6.071566e-03
1.509893730216593e-03	-1.809276e-01	-1.557483e-01	-3.106206e-02	-5.882730e-03
1.517566721288022e-03	-2.020441e-01	-1.525947e-01	-5.521225e-02	-5.762829e-03
1.525239712359450e-03	-2.225905e-01	-1.491236e-01	-7.909720e-02	-5.630325e-03
1.532912703430878e-03	-2.425669e-01	-1.453352e-01	-1.027169e-01	-5.485218e-03
1.540585694502307e-03	-2.619733e-01	-1.412295e-01	-1.260714e-01	-5.327508e-03
1.548258685573735e-03	-2.808097e-01	-1.368063e-01	-1.491606e-01	-5.157194e-03
1.555931676645163e-03	-2.990761e-01	-1.320658e-01	-1.719846e-01	-4.974276e-03
1.563604667716592e-03	-3.167724e-01	-1.270078e-01	-1.945433e-01	-4.778755e-03
1.576858015930877e-03	-3.458090e-01	-1.174677e-01	-2.327504e-01	-4.409136e-03
1.590111364145163e-03	-3.720883e-01	-1.073391e-01	-2.687653e-01	-4.016078e-03
1.603364712359448e-03	-3.956104e-01	-9.662181e-02	-3.025881e-01	-3.599579e-03
1.616618060573734e-03	-4.163752e-01	-8.531596e-02	-3.342189e-01	-3.159640e-03
1.629871408788019e-03	-4.343827e-01	-7.342153e-02	-3.636574e-01	-2.696262e-03
1.643124757002305e-03	-4.496330e-01	-6.093851e-02	-3.909039e-01	-2.209444e-03
1.656378105216590e-03	-4.621260e-01	-4.786691e-02	-4.159583e-01	-1.699186e-03
1.670328998073733e-03	-4.714959e-01	-3.372860e-02	-4.389143e-01	-1.146910e-03
1.684279890930875e-03	-4.772515e-01	-1.963515e-02	-4.582126e-01	-5.962073e-04
1.698230783788018e-03	-4.793927e-01	-5.586560e-03	-4.738533e-01	-4.707674e-05
1.712181676645160e-03	-4.779196e-01	8.417176e-03	-4.858363e-01	5.004813e-04
1.726132569502303e-03	-4.728320e-01	2.237606e-02	-4.941616e-01	1.046467e-03
1.740083462359445e-03	-4.641301e-01	3.629008e-02	-4.988293e-01	1.590880e-03
1.754034355216588e-03	-4.518138e-01	5.015925e-02	-4.998394e-01	2.133721e-03
1.768682792716588e-03	-4.347088e-01	6.424367e-02	-4.962675e-01	2.685024e-03
1.783331230216587e-03	-4.144618e-01	7.749418e-02	-4.887523e-01	3.203583e-03
1.797979667716587e-03	-3.910727e-01	8.991076e-02	-4.772940e-01	3.689398e-03
1.812628105216587e-03	-3.645415e-01	1.014934e-01	-4.618925e-01	4.142469e-03
1.827276542716586e-03	-3.348684e-01	1.122422e-01	-4.425477e-01	4.562796e-03
1.841924980216586e-03	-3.020532e-01	1.221570e-01	-4.192598e-01	4.950379e-03
1.856573417716586e-03	-2.660960e-01	1.312379e-01	-3.920286e-01	5.305219e-03
1.865641498073728e-03	-2.428694e-01	1.361761e-01	-3.735475e-01	5.497976e-03
1.874709578430871e-03	-2.190632e-01	1.406310e-01	-3.540225e-01	5.671708e-03
1.883777658788014e-03	-1.946774e-01	1.446027e-01	-3.334536e-01	5.826415e-03
1.892845739145156e-03	-1.697119e-01	1.480911e-01	-3.118408e-01	5.962096e-03
1.901913819502299e-03	-1.441667e-01	1.510962e-01	-2.891842e-01	6.078752e-03
1.910981899859442e-03	-1.180419e-01	1.536182e-01	-2.654837e-01	6.176382e-03
1.920049980216584e-03	-9.133739e-02	1.556568e-01	-2.407392e-01	6.254987e-03
1.924235248073727e-03	-7.898328e-02	1.564133e-01	-2.291126e-01	6.283998e-03
1.928420515930870e-03	-6.659793e-02	1.570588e-01	-2.173481e-01	6.308640e-03
1.932605783788013e-03	-5.418134e-02	1.575934e-01	-2.054458e-01	6.328910e-03
1.936791051645155e-03	-4.173351e-02	1.580171e-01	-1.934058e-01	6.344811e-03
1.940976319502298e-03	-2.925443e-02	1.583298e-01	-1.812279e-01	6.356341e-03
1.945161587359441e-03	-1.674412e-02	1.585316e-01	-1.689122e-01	6.363501e-03
1.949346855216584e-03	-4.202558e-03	1.586224e-01	-1.564587e-01	6.366291e-03
1.963995292716584e-03	3.956927e-02	1.580604e-01	-1.121498e-01	6.341382e-03
1.968878105216584e-03	5.413253e-02	1.575683e-01	-9.711466e-02	6.321066e-03
1.973760917716583e-03	6.860867e-02	1.569273e-01	-8.202378e-02	6.294890e-03
1.978643730216583e-03	8.299771e-02	1.561377e-01	-6.687717e-02	6.262852e-03
1.983526542716583e-03	9.729964e-02	1.551994e-01	-5.167482e-02	6.224955e-03
1.988409355216583e-03	1.115145e-01	1.541124e-01	-3.641674e-02	6.181196e-03
1.993292167716583e-03	1.256422e-01	1.528767e-01	-2.110291e-02	6.131577e-03
1.998174980216583e-03	1.396828e-01	1.514922e-01	-5.733343e-03	6.076097e-03
2.002360248073726e-03	1.516029e-01	1.501896e-01	7.437330e-03	6.023972e-03
2.006545515930869e-03	1.633965e-01	1.487841e-01	2.058020e-02	5.967793e-03
2.010730783788011e-03	1.750636e-01	1.472759e-01	3.369526e-02	5.907561e-03
2.014916051645154e-03	1.866040e-01	1.456648e-01	4.678252e-02	5.843277e-03
2.019101319502297e-03	1.980179e-01	1.439509e-01	5.984197e-02	5.774940e-03
2.023286587359440e-03	2.093052e-01	1.421342e-01	7.287361e-02	5.702551e-03
2.027471855216582e-03	2.204660e-01	1.402146e-01	8.587745e-02	5.626108e-03
2.037237480216582e-03	2.460632e-01	1.353039e-01	1.161900e-01	5.430721e-03
2.047003105216582e-03	2.705093e-01	1.299318e-01	1.457946e-01	5.217141e-03
2.056768730216582e-03	2.938041e-01	1.240982e-01	1.746912e-01	4.985369e-03
2.066534355216581e-03	3.159477e-01	1.178033e-01	2.028798e-01	4.735405e-03
2.076299980216581e-03	3.369401e-01	1.110469e-01	2.303604e-01	4.467249e-03
2.086065605216581e-03	3.567813e-01	1.038291e-01	2.571330e-01	4.180901e-03
2.095831230216581e-03	3.754713e-01	9.614995e-02	2.831977e-01	3.876361e-03
2.109782123073723e-03	3.996996e-01	8.438543e-02	3.187241e-01	3.409983e-03
2.123733015930866e-03	4.205228e-01	7.220289e-02	3.512471e-01	2.927125e-03
2.137683908788008e-03	4.379411e-01	5.960233e-02	3.807665e-01	2.427789e-03
2.151634801645151e-03	4.519543e-01	4.658375e-02	4.072825e-01	1.911973e-03
2.165585694502294e-03	4.625625e-01	3.314714e-02	4.307950e-01	1.379678e-03
2.179536587359436e-03	4.697657e-01	1.929252e-02	4.513040e-01	8.309030e-04
2.193487480216579e-03	4.735638e-01	5.019873e-03	4.688096e-01	2.656492e-04
2.206740828430864e-03	4.734193e-01	-8.569593e-03	4.817164e-01	-2.725363e-04
2.219994176645150e-03	4.701063e-01	-2.188448e-02	4.911909e-01	-7.998736e-04
2.233247524859435e-03	4.636246e-01	-3.492478e-02	4.972331e-01	-1.316363e-03
2.246500873073720e-03	4.539745e-01	-4.769050e-02	4.998430e-01	-1.822004e-03
2.259754221288006e-03	4.411557e-01	-6.018163e-02	4.990206e-01	-2.316797e-03
2.273007569502291e-03	4.251685e-01	-7.239819e-02	4.947659e-01	-2.800741e-03
2.286260917716577e-03	4.060126e-01	-8.434016e-02	4.870789e-01	-3.273838e-03
2.299514265930862e-03	3.837403e-01	-9.564657e-02	4.756650e-01	-3.721839e-03
2.312767614145148e-03	3.592694e-01	-1.061333e-01	4.612653e-01	-4.137472e-03
2.326020962359433e-03	3.326000e-01	-1.158004e-01	4.438797e-01	-4.520737e-03
2.339274310573718e-03	3.037320e-01	-1.246478e-01	4.235082e-01	-4.871633e-03
2.352527658788004e-03	2.726655e-01	-1.326756e-01	4.001509e-01	-5.190160e-03
2.365781007002289e-03	2.394004e-01	-1.398837e-01	3.738077e-01	-5.476319e-03
2.379034355216575e-03	2.039367e-01	-1.462721e-01	3.444787e-01	-5.730109e-03
2.386707346288003e-03	1.829150e-01	-1.494403e-01	3.264992e-01	-5.856095e-03
2.394380337359432e-03	1.615918e-01	-1.522497e-01	3.078736e-01	-5.967909e-03
2.402053328430860e-03	1.399673e-01	-1.547003e-01	2.886020e-01	-6.065552e-03
2.409726319502288e-03	1.180412e-01	-1.567921e-01	2.686843e-01	-6.149023e-03
2.417399310573717e-03	9.581375e-02	-1.585250e-01	2.481205e-01	-6.218323e-03
2.425072301645145e-03	7.328483e-02	-1.598992e-01	2.269106e-01	-6.273452e-03
2.432745292716574e-03	5.045447e-02	-1.609145e-01	2.050546e-01	-6.314409e-03
2.447393730216573e-03	6.827743e-03	-1.617977e-01	1.622745e-01	-6.350919e-03
2.462042167716573e-03	-3.686455e-02	-1.613190e-01	1.181208e-01	-6.333631e-03
2.466924980216573e-03	-5.141301e-02	-1.608551e-01	1.031262e-01	-6.315849e-03
2.471807792716573e-03	-6.588008e-02	-1.602425e-01	8.807023e-02	-6.292190e-03
2.476690605216573e-03	-8.026575e-02	-1.594812e-01	7.295277e-02	-6.262656e-03
2.481573417716573e-03	-9.457003e-02	-1.585711e-01	5.777384e-02	-6.227246e-03
2.486456230216573e-03	-1.087929e-01	-1.575123e-01	4.253345e-02	-6.185960e-03
2.491339042716572e-03	-1.229344e-01	-1.563048e-01	2.723159e-02	-6.138799e-03
2.496221855216572e-03	-1.369945e-01	-1.549485e-01	1.186828e-02	-6.085761e-03
2.510870292716572e-03	-1.782527e-01	-1.500220e-01	-3.412349e-02	-5.892755e-03
2.518543283788000e-03	-1.994011e-01	-1.469115e-01	-5.826031e-02	-5.770719e-03
2.526216274859429e-03	-2.199722e-01	-1.434834e-01	-8.212497e-02	-5.636132e-03
2.533889265930857e-03	-2.399662e-01	-1.397378e-01	-1.057175e-01	-5.488996e-03
2.541562257002286e-03	-2.593831e-01	-1.356746e-01	-1.290378e-01	-5.329309e-03
2.549235248073714e-03	-2.782228e-01	-1.312939e-01	-1.520860e-01	-5.157072e-03
2.556908239145143e-03	-2.964853e-01	-1.265956e-01	-1.748620e-01	-4.972285e-03
2.564581230216571e-03	-3.141707e-01	-1.215798e-01	-1.973659e-01	-4.774949e-03
2.577834578430856e-03	-3.431706e-01	-1.121125e-01	-2.354604e-01	-4.402333e-03
2.591087926645142e-03	-3.693990e-01	-1.020588e-01	-2.713467e-01	-4.006521e-03
2.604341274859427e-03	-3.928560e-01	-9.141890e-02	-3.050246e-01	-3.587512e-03
2.617594623073712e-03	-4.135415e-01	-8.019264e-02	-3.364942e-01	-3.145306e-03
2.630847971287998e-03	-4.314556e-01	-6.838008e-02	-3.657554e-01	-2.679903e-03
2.644101319502283e-03	-4.465982e-01	-5.598120e-02	-3.928083e-01	-2.191303e-03
2.657354667716569e-03	-4.589694e-01	-4.299602e-02	-4.176528e-01	-1.679505e-03
2.671305560573711e-03	-4.682008e-01	-2.895320e-02	-4.403736e-01	-1.125936e-03
2.685256453430854e-03	-4.738156e-01	-1.495961e-02	-4.594302e-01	-5.742496e-04
2.699207346287996e-03	-4.758135e-01	-1.015251e-03	-4.748227e-01	-2.444714e-05
2.713158239145139e-03	-4.741948e-01	1.287989e-02	-4.865512e-01	5.234717e-04
2.727109132002282e-03	-4.689593e-01	2.672580e-02	-4.946156e-01	1.069507e-03
2.741060024859424e-03	-4.601071e-01	4.052248e-02	-4.990159e-01	1.613659e-03
2.755010917716567e-03	-4.476382e-01	5.426994e-02	-4.997522e-01	2.155927e-03
2.769659355216567e-03	-4.303785e-01	6.822090e-02	-4.958931e-01	2.706273e-03
2.784307792716566e-03	-4.099891e-01	8.133422e-02	-4.880997e-01	3.223604e-03
2.798956230216566e-03	-3.864699e-01	9.360990e-02	-4.763719e-01	3.707922e-03
2.813604667716566e-03	-3.598210e-01	1.050479e-01	-4.607097e-01	4.159225e-03
2.828253105216565e-03	-3.300424e-01	1.156484e-01	-4.411132e-01	4.577514e-03
2.842901542716565e-03	-2.971340e-01	1.254111e-01	-4.175823e-01	4.962789e-03
2.857549980216565e-03	-2.610958e-01	1.343363e-01	-3.901170e-01	5.315050e-03
2.866618060573707e-03	-2.378303e-01	1.391772e-01	-3.715014e-01	5.506127e-03
2.875686140930850e-03	-2.139931e-01	1.435346e-01	-3.518495e-01	5.678127e-03
2.884754221287992e-03	-1.895840e-01	1.474084e-01	-3.311613e-01	5.831051e-03
2.893822301645135e-03	-1.646031e-01	1.507987e-01	-3.094369e-01	5.964897e-03
2.902890382002278e-03	-1.390504e-01	1.537054e-01	-2.866761e-01	6.079667e-03
2.911958462359421e-03	-1.129259e-01	1.561286e-01	-2.628791e-01	6.175360e-03
2.921026542716563e-03	-8.622958e-02	1.580682e-01	-2.380458e-01	6.251975e-03
2.925211810573706e-03	-7.388230e-02	1.587791e-01	-2.263814e-01	6.280066e-03
2.929397078430849e-03	-6.150562e-02	1.593793e-01	-2.145811e-01	6.303782e-03
2.933582346287991e-03	-4.909953e-02	1.598686e-01	-2.026450e-01	6.323125e-03
2.937767614145134e-03	-3.666403e-02	1.602471e-01	-1.905730e-01	6.338094e-03
2.941952882002277e-03	-2.419912e-02	1.605147e-01	-1.783651e-01	6.348689e-03
2.946138149859420e-03	-1.170480e-02	1.606715e-01	-1.660214e-01	6.354911e-03
2.950323417716563e-03	8.189306e-04	1.607176e-01	-1.535419e-01	6.356759e-03
2.955206230216563e-03	1.543736e-02	1.606287e-01	-1.388381e-01	6.353292e-03
2.960089042716562e-03	3.000683e-02	1.603894e-01	-1.240387e-01	6.343884e-03
2.964971855216562e-03	4.452735e-02	1.599996e-01	-1.091437e-01	6.328537e-03
2.969854667716562e-03	5.899891e-02	1.594593e-01	-9.415316e-02	6.307251e-03
2.974737480216562e-03	7.342151e-02	1.587686e-01	-7.906704e-02	6.280025e-03
2.979620292716562e-03	8.779515e-02	1.579273e-01	-6.388533e-02	6.246859e-03
2.984503105216562e-03	1.021198e-01	1.569356e-01	-4.860804e-02	6.207754e-03
2.999151542716562e-03	1.443602e-01	1.530814e-01	-2.665495e-03	6.055736e-03
3.004034355216562e-03	1.582171e-01	1.515017e-01	1.270887e-02	5.993417e-03
3.008917167716561e-03	1.718932e-01	1.497835e-01	2.803535e-02	5.925634e-03
3.013799980216561e-03	1.853885e-01	1.479269e-01	4.331393e-02	5.852387e-03
3.018682792716561e-03	1.987029e-01	1.459320e-01	5.854463e-02	5.773674e-03
3.023565605216561e-03	2.118365e-01	1.437986e-01	7.372744e-02	5.689496e-03
3.028448417716561e-03	2.247893e-01	1.415267e-01	8.886236e-02	5.599853e-03
3.033331230216561e-03	2.375612e-01	1.391165e-01	1.039494e-01	5.504745e-03
3.043794399859418e-03	2.643459e-01	1.334479e-01	1.361791e-01	5.281051e-03
3.054257569502275e-03	2.897313e-01	1.272749e-01	1.674938e-01	5.037431e-03
3.064720739145132e-03	3.137171e-01	1.205973e-01	1.978937e-01	4.773886e-03
3.075183908787988e-03	3.363036e-01	1.134153e-01	2.273787e-01	4.490415e-03
3.085647078430846e-03	3.574905e-01	1.057288e-01	2.559488e-01	4.187018e-03
3.096110248073702e-03	3.772780e-01	9.753777e-02	2.836040e-01	3.863696e-03
3.106573417716559e-03	3.956661e-01	8.884230e-02	3.103442e-01	3.520447e-03
3.120524310573702e-03	4.174423e-01	7.650796e-02	3.439679e-01	3.033531e-03
3.134475203430845e-03	4.357394e-01	6.383555e-02	3.744371e-01	2.533236e-03
3.148426096287987e-03	4.505573e-01	5.082506e-02	4.017518e-01	2.019562e-03
3.162376989145130e-03	4.618961e-01	3.747648e-02	4.259121e-01	1.492510e-03
3.176327882002272e-03	4.697556e-01	2.378984e-02	4.469179e-01	9.520797e-04
3.190278774859415e-03	4.741360e-01	9.765110e-03	4.647692e-01	3.982707e-04
3.204229667716557e-03	4.750373e-01	-4.597694e-03	4.794661e-01	-1.689169e-04
3.218180560573700e-03	4.718695e-01	-1.892268e-02	4.900575e-01	-7.346512e-04
3.232131453430842e-03	4.652812e-01	-3.284549e-02	4.968422e-01	-1.284542e-03
3.246082346287985e-03	4.552725e-01	-4.636611e-02	4.998201e-01	-1.818590e-03
3.260033239145128e-03	4.418435e-01	-5.948454e-02	4.989912e-01	-2.336795e-03
3.273984132002270e-03	4.249940e-01	-7.220079e-02	4.943556e-01	-2.839157e-03
3.287935024859413e-03	4.047240e-01	-8.451485e-02	4.859132e-01	-3.325676e-03
3.301885917716555e-03	3.810337e-01	-9.642673e-02	4.736640e-01	-3.796352e-03
3.314441721287983e-03	3.570174e-01	-1.064171e-01	4.592433e-01	-4.191156e-03
3.326997524859412e-03	3.312136e-01	-1.156177e-01	4.422765e-01	-4.554803e-03
3.339553328430840e-03	3.036223e-01	-1.240287e-01	4.227638e-01	-4.887293e-03
3.352109132002268e-03	2.742436e-01	-1.316500e-01	4.007050e-01	-5.188627e-03
3.364664935573696e-03	2.430773e-01	-1.384817e-01	3.761002e-01	-5.458805e-03
3.377220739145125e-03	2.101236e-01	-1.445236e-01	3.489494e-01	-5.697825e-03
3.389776542716553e-03	1.753824e-01	-1.497759e-01	3.192526e-01	-5.905690e-03
3.396751989145125e-03	1.557619e-01	-1.522382e-01	3.019969e-01	-6.003188e-03
3.403727435573696e-03	1.359383e-01	-1.543998e-01	2.842493e-01	-6.088813e-03
3.410702882002267e-03	1.159117e-01	-1.562605e-01	2.660096e-01	-6.162563e-03
3.417678328430838e-03	9.568202e-02	-1.578203e-01	2.472779e-01	-6.224439e-03
3.424653774859410e-03	7.524931e-02	-1.590794e-01	2.280542e-01	-6.274440e-03
3.431629221287981e-03	5.461357e-02	-1.600376e-01	2.083386e-01	-6.312567e-03
3.438604667716552e-03	3.377478e-02	-1.606949e-01	1.881309e-01	-6.338820e-03
3.442092390930838e-03	2.336489e-02	-1.609046e-01	1.779222e-01	-6.347248e-03
3.445580114145124e-03	1.295622e-02	-1.610370e-01	1.676406e-01	-6.352625e-03
3.449067837359409e-03	2.548775e-03	-1.610921e-01	1.572859e-01	-6.354952e-03
3.452555560573695e-03	-7.857450e-03	-1.610700e-01	1.468583e-01	-6.354229e-03
3.456043283787980e-03	-1.826245e-02	-1.609706e-01	1.363577e-01	-6.350455e-03
3.459531007002266e-03	-2.866623e-02	-1.607939e-01	1.257841e-01	-6.343631e-03
3.463018730216552e-03	-3.906879e-02	-1.605400e-01	1.151375e-01	-6.333757e-03
3.467901542716552e-03	-5.361609e-02	-1.600532e-01	1.001223e-01	-6.314748e-03
3.472784355216552e-03	-6.807922e-02	-1.594177e-01	8.504861e-02	-6.289870e-03
3.477667167716551e-03	-8.245819e-02	-1.586336e-01	6.991629e-02	-6.259123e-03
3.482549980216551e-03	-9.675299e-02	-1.577009e-01	5.472536e-02	-6.222507e-03
3.487432792716551e-03	-1.109636e-01	-1.566195e-01	3.947583e-02	-6.180022e-03
3.492315605216551e-03	-1.250901e-01	-1.553895e-01	2.416771e-02	-6.131669e-03
3.497198417716551e-03	-1.391324e-01	-1.540109e-01	8.800976e-03	-6.077447e-03
3.501383685573694e-03	-1.510563e-01	-1.527131e-01	-4.369596e-03	-6.026389e-03
3.505568953430837e-03	-1.628557e-01	-1.513125e-01	-1.751447e-02	-5.971267e-03
3.509754221287979e-03	-1.745306e-01	-1.498090e-01	-3.063366e-02	-5.912082e-03
3.513939489145122e-03	-1.860809e-01	-1.482026e-01	-4.372716e-02	-5.848832e-03
3.518124757002265e-03	-1.975067e-01	-1.464933e-01	-5.679496e-02	-5.781519e-03
3.522310024859408e-03	-2.088080e-01	-1.446810e-01	-6.983707e-02	-5.710142e-03
3.526495292716550e-03	-2.199847e-01	-1.427659e-01	-8.285348e-02	-5.634700e-03
3.536260917716550e-03	-2.456277e-01	-1.378652e-01	-1.132041e-01	-5.441610e-03
3.546026542716550e-03	-2.701288e-01	-1.325016e-01	-1.428574e-01	-5.230229e-03
3.555792167716550e-03	-2.934878e-01	-1.266750e-01	-1.718134e-01	-5.000559e-03
3.565557792716550e-03	-3.157049e-01	-1.203855e-01	-2.000720e-01	-4.752599e-03
3.575323417716549e-03	-3.367800e-01	-1.136330e-01	-2.276333e-01	-4.486348e-03
3.585089042716549e-03	-3.567131e-01	-1.064176e-01	-2.544973e-01	-4.201808e-03
3.594854667716549e-03	-3.755041e-01	-9.873918e-02	-2.806639e-01	-3.898978e-03
3.608805560573691e-03	-3.998927e-01	-8.697210e-02	-3.163555e-01	-3.434835e-03
3.622756453430834e-03	-4.208854e-01	-7.478138e-02	-3.490579e-01	-2.953926e-03
3.636707346287976e-03	-4.384821e-01	-6.216703e-02	-3.787713e-01	-2.456253e-03
3.650658239145119e-03	-4.526828e-01	-4.912904e-02	-4.054956e-01	-1.941815e-03
3.664609132002262e-03	-4.634877e-01	-3.566741e-02	-4.292309e-01	-1.410613e-03
3.678560024859404e-03	-4.708965e-01	-2.178214e-02	-4.499770e-01	-8.626450e-04
3.692510917716547e-03	-4.749094e-01	-7.473230e-03	-4.677341e-01	-2.979125e-04
3.705764265930832e-03	-4.749708e-01	6.157298e-03	-4.808880e-01	2.400907e-04
3.719017614145118e-03	-4.718598e-01	1.951877e-02	-4.906110e-01	7.675107e-04
3.732270962359403e-03	-4.655763e-01	3.261117e-02	-4.969031e-01	1.284347e-03
3.745524310573688e-03	-4.561204e-01	4.543452e-02	-4.997644e-01	1.790601e-03
3.758777658787974e-03	-4.434922e-01	5.798881e-02	-4.991947e-01	2.286271e-03
3.772031007002259e-03	-4.276915e-01	7.027404e-02	-4.951942e-01	2.771358e-03
3.785284355216545e-03	-4.087184e-01	8.229020e-02	-4.877627e-01	3.245862e-03
3.798537703430830e-03	-3.866184e-01	9.367631e-02	-4.765991e-01	3.695532e-03
3.811791051645116e-03	-3.623058e-01	1.042465e-01	-4.624393e-01	4.113018e-03
3.825044399859401e-03	-3.357808e-01	1.140007e-01	-4.452831e-01	4.498320e-03
3.838297748073686e-03	-3.070433e-01	1.229389e-01	-4.251307e-01	4.851438e-03
3.851551096287972e-03	-2.760932e-01	1.310612e-01	-4.019820e-01	5.172373e-03
3.864804444502257e-03	-2.429307e-01	1.383675e-01	-3.758371e-01	5.461124e-03
3.878057792716543e-03	-2.075556e-01	1.448579e-01	-3.466958e-01	5.717691e-03
3.885730783787971e-03	-1.865760e-01	1.480858e-01	-3.288165e-01	5.845327e-03
3.893403774859400e-03	-1.652887e-01	1.509553e-01	-3.102851e-01	5.958817e-03
3.901076765930828e-03	-1.436936e-01	1.534663e-01	-2.911018e-01	6.058163e-03
3.908749757002256e-03	-1.217909e-01	1.556190e-01	-2.712665e-01	6.143363e-03
3.916422748073686e-03	-9.958053e-02	1.574132e-01	-2.507793e-01	6.214417e-03
3.924095739145114e-03	-7.706244e-02	1.588489e-01	-2.296400e-01	6.271327e-03
3.931768730216542e-03	-5.423665e-02	1.599263e-01	-2.078488e-01	6.314091e-03
3.946417167716542e-03	-1.060018e-02	1.609272e-01	-1.651734e-01	6.354057e-03
3.961065605216542e-03	3.312572e-02	1.605656e-01	-1.210997e-01	6.340235e-03
3.965948417716541e-03	4.769071e-02	1.601406e-01	-1.061263e-01	6.323609e-03
3.970831230216541e-03	6.217691e-02	1.595666e-01	-9.108854e-02	6.301100e-03
3.975714042716541e-03	7.658434e-02	1.588435e-01	-7.598650e-02	6.272709e-03
3.980596855216541e-03	9.091298e-02	1.579716e-01	-6.082014e-02	6.238436e-03
3.985479667716541e-03	1.051628e-01	1.569506e-01	-4.558946e-02	6.198280e-03
3.990362480216541e-03	1.193339e-01	1.557806e-01	-3.029445e-02	6.152243e-03
3.995245292716541e-03	1.334262e-01	1.544617e-01	-1.493513e-02	6.100324e-03
4.009893730216540e-03	1.747961e-01	1.496447e-01	3.106206e-02	5.910601e-03
4.017566721287969e-03	1.960122e-01	1.465902e-01	5.521225e-02	5.790247e-03
4.025239712359397e-03	2.166568e-01	1.432169e-01	7.909720e-02	5.657297e-03
4.032912703430825e-03	2.367298e-01	1.395246e-01	1.027169e-01	5.511751e-03
4.040585694502255e-03	2.562312e-01	1.355134e-01	1.260714e-01	5.353608e-03
4.048258685573683e-03	2.751610e-01	1.311833e-01	1.491606e-01	5.182870e-03
4.055931676645111e-03	2.935192e-01	1.265342e-01	1.719846e-01	4.999534e-03
4.063604667716539e-03	3.113059e-01	1.215661e-01	1.945433e-01	4.803603e-03
4.076858015930824e-03	3.404949e-01	1.121778e-01	2.327504e-01	4.433291e-03
4.090111364145110e-03	3.669226e-01	1.021968e-01	2.687653e-01	4.039558e-03
4.103364712359395e-03	3.905891e-01	9.162338e-02	3.025881e-01	3.622403e-03
4.116618060573681e-03	4.114944e-01	8.045736e-02	3.342189e-01	3.181826e-03
4.129871408787966e-03	4.296384e-01	6.869879e-02	3.636574e-01	2.717827e-03
4.143124757002252e-03	4.450212e-01	5.634768e-02	3.909039e-01	2.230407e-03
4.156378105216537e-03	4.576427e-01	4.340401e-02	4.159583e-01	1.719564e-03
4.170328998073680e-03	4.671441e-01	2.939656e-02	4.389143e-01	1.166691e-03
4.184279890930822e-03	4.730276e-01	1.543039e-02	4.582126e-01	6.154072e-04
4.198230783787965e-03	4.752930e-01	1.505487e-03	4.738533e-01	6.571189e-05
4.212181676645108e-03	4.739405e-01	-1.237814e-02	4.858363e-01	-4.823946e-04
4.226132569502251e-03	4.689700e-01	-2.622050e-02	4.941616e-01	-1.028912e-03
4.240083462359392e-03	4.603816e-01	-4.002158e-02	4.988293e-01	-1.573841e-03
4.254034355216535e-03	4.481752e-01	-5.378139e-02	4.998394e-01	-2.117181e-03
4.268682792716535e-03	4.311820e-01	-6.775441e-02	4.962675e-01	-2.668993e-03
4.283331230216535e-03	4.110437e-01	-8.089669e-02	4.887523e-01	-3.188046e-03
4.297979667716534e-03	3.877601e-01	-9.320824e-02	4.772940e-01	-3.674341e-03
4.312628105216534e-03	3.613313e-01	-1.046891e-01	4.618925e-01	-4.127877e-03
4.327276542716534e-03	3.317573e-01	-1.153391e-01	4.425477e-01	-4.548655e-03
4.341924980216533e-03	2.990380e-01	-1.251585e-01	4.192598e-01	-4.936674e-03
4.356573417716533e-03	2.631735e-01	-1.341471e-01	3.920286e-01	-5.291934e-03
4.365641498073676e-03	2.400030e-01	-1.390295e-01	3.735475e-01	-5.484947e-03
4.374709578430818e-03	2.162518e-01	-1.434297e-01	3.540225e-01	-5.658929e-03
4.383777658787961e-03	1.919199e-01	-1.473476e-01	3.334536e-01	-5.813882e-03
4.392845739145104e-03	1.670074e-01	-1.507833e-01	3.118408e-01	-5.949804e-03
4.401913819502247e-03	1.415141e-01	-1.537368e-01	2.891842e-01	-6.066695e-03
4.410981899859389e-03	1.154402e-01	-1.562080e-01	2.654837e-01	-6.164557e-03
4.420049980216532e-03	8.878564e-02	-1.581970e-01	2.407392e-01	-6.243388e-03
4.424235248073675e-03	7.645426e-02	-1.589308e-01	2.291126e-01	-6.272503e-03
4.428420515930817e-03	6.409143e-02	-1.595539e-01	2.173481e-01	-6.297246e-03
4.432605783787960e-03	5.169717e-02	-1.600663e-01	2.054458e-01	-6.317619e-03
4.436791051645103e-03	3.927146e-02	-1.604679e-01	1.934058e-01	-6.333620e-03
4.440976319502246e-03	2.681432e-02	-1.607588e-01	1.812279e-01	-6.345249e-03
4.445161587359388e-03	1.432573e-02	-1.609390e-01	1.689122e-01	-6.352508e-03
4.449346855216531e-03	1.805703e-03	-1.610084e-01	1.564587e-01	-6.355396e-03
4.453532123073674e-03	-1.071559e-02	-1.609653e-01	1.438958e-01	-6.353842e-03
4.457717390930816e-03	-2.320795e-02	-1.608114e-01	1.312555e-01	-6.347914e-03
4.461902658787959e-03	-3.567137e-02	-1.605467e-01	1.185377e-01	-6.337612e-03
4.466087926645102e-03	-4.810586e-02	-1.601712e-01	1.057424e-01	-6.322935e-03
4.470273194502245e-03	-6.051140e-02	-1.596849e-01	9.286961e-02	-6.303884e-03
4.474458462359387e-03	-7.288801e-02	-1.590878e-01	7.991932e-02	-6.280458e-03
4.478643730216531e-03	-8.523569e-02	-1.583799e-01	6.689154e-02	-6.252659e-03
4.482828998073674e-03	-9.752380e-02	-1.575613e-01	5.381702e-02	-6.220489e-03
4.487014265930816e-03	-1.097236e-01	-1.566356e-01	4.072794e-02	-6.184090e-03
4.491199533787959e-03	-1.218350e-01	-1.556028e-01	2.762430e-02	-6.143462e-03
4.495384801645102e-03	-1.338581e-01	-1.544629e-01	1.450611e-02	-6.098603e-03
4.499570069502245e-03	-1.457929e-01	-1.532158e-01	1.373366e-03	-6.049514e-03
4.503755337359387e-03	-1.576393e-01	-1.518616e-01	-1.177394e-02	-5.996196e-03
4.507940605216530e-03	-1.693974e-01	-1.504003e-01	-2.493580e-02	-5.938648e-03
4.515613596287958e-03	-1.907219e-01	-1.474336e-01	-4.911002e-02	-5.821788e-03
4.523286587359386e-03	-2.114863e-01	-1.441457e-01	-7.303286e-02	-5.692238e-03
4.530959578430815e-03	-2.316908e-01	-1.405365e-01	-9.670432e-02	-5.549999e-03
4.538632569502244e-03	-2.513353e-01	-1.366060e-01	-1.201244e-01	-5.395071e-03
4.546305560573672e-03	-2.704198e-01	-1.323542e-01	-1.432931e-01	-5.227454e-03
4.553978551645100e-03	-2.889444e-01	-1.277811e-01	-1.662104e-01	-5.047147e-03
4.561651542716529e-03	-3.069090e-01	-1.228868e-01	-1.888764e-01	-4.854152e-03
4.574207346287957e-03	-3.349054e-01	-1.141471e-01	-2.252678e-01	-4.509478e-03
4.586763149859385e-03	-3.604660e-01	-1.048523e-01	-2.597566e-01	-4.142858e-03
4.599318953430813e-03	-3.835906e-01	-9.500214e-02	-2.923427e-01	-3.754291e-03
4.611874757002242e-03	-4.042793e-01	-8.459680e-02	-3.230263e-01	-3.343779e-03
4.624430560573671e-03	-4.225322e-01	-7.363622e-02	-3.518073e-01	-2.911320e-03
4.636986364145099e-03	-4.383491e-01	-6.212041e-02	-3.786856e-01	-2.456916e-03
4.649542167716527e-03	-4.517302e-01	-5.004936e-02	-4.036614e-01	-1.980565e-03
4.663493060573670e-03	-4.629977e-01	-3.619172e-02	-4.282396e-01	-1.433663e-03
4.677443953430812e-03	-4.706454e-01	-2.232272e-02	-4.492090e-01	-8.862722e-04
4.691394846287954e-03	-4.746734e-01	-8.442380e-03	-4.665694e-01	-3.383913e-04
4.705345739145097e-03	-4.750817e-01	5.449308e-03	-4.803210e-01	2.099792e-04
4.719296632002240e-03	-4.718702e-01	1.935234e-02	-4.904638e-01	7.588393e-04
4.733247524859382e-03	-4.650391e-01	3.326673e-02	-4.969976e-01	1.308189e-03
4.747198417716525e-03	-4.545881e-01	4.719245e-02	-4.999225e-01	1.858029e-03
4.762544399859381e-03	-4.385013e-01	6.208925e-02	-4.981443e-01	2.446265e-03
4.777890382002239e-03	-4.188930e-01	7.610774e-02	-4.920009e-01	2.999871e-03
4.793236364145095e-03	-3.957633e-01	8.924793e-02	-4.814924e-01	3.518845e-03
4.808582346287952e-03	-3.691122e-01	1.015098e-01	-4.666188e-01	4.003188e-03
4.823928328430808e-03	-3.389396e-01	1.128934e-01	-4.473801e-01	4.452900e-03
4.839274310573666e-03	-3.052456e-01	1.233987e-01	-4.237764e-01	4.867981e-03
4.854620292716522e-03	-2.680302e-01	1.330257e-01	-3.958075e-01	5.248431e-03
4.864385917716522e-03	-2.434507e-01	1.383361e-01	-3.763285e-01	5.458340e-03
4.873453998073665e-03	-2.195996e-01	1.428278e-01	-3.567915e-01	5.635920e-03
4.882522078430807e-03	-1.952383e-01	1.468281e-01	-3.362724e-01	5.794111e-03
4.891590158787950e-03	-1.703669e-01	1.503372e-01	-3.147712e-01	5.932914e-03
4.900658239145093e-03	-1.449854e-01	1.533550e-01	-2.922881e-01	6.052328e-03
4.909726319502236e-03	-1.190938e-01	1.558815e-01	-2.688229e-01	6.152355e-03
4.918794399859378e-03	-9.269199e-02	1.579166e-01	-2.443756e-01	6.232993e-03
4.927862480216521e-03	-6.578009e-02	1.594605e-01	-2.189464e-01	6.294243e-03
4.947393730216521e-03	-7.654400e-03	1.609748e-01	-1.622745e-01	6.354676e-03
4.962042167716520e-03	3.606338e-02	1.605214e-01	-1.181208e-01	6.337272e-03
4.966227435573663e-03	4.853558e-02	1.601407e-01	-1.052827e-01	6.322384e-03
4.970412703430805e-03	6.095286e-02	1.596503e-01	-9.239429e-02	6.303166e-03
4.974597971287948e-03	7.331522e-02	1.590503e-01	-7.945542e-02	6.279618e-03
4.978783239145091e-03	8.562266e-02	1.583405e-01	-6.646614e-02	6.251740e-03
4.982968507002234e-03	9.787519e-02	1.575212e-01	-5.342643e-02	6.219533e-03
4.987153774859377e-03	1.100728e-01	1.565921e-01	-4.033631e-02	6.182996e-03
4.991339042716520e-03	1.222155e-01	1.555534e-01	-2.719577e-02	6.142130e-03
4.996221855216519e-03	1.362573e-01	1.542149e-01	-1.186828e-02	6.089413e-03
5.000000000000000e-03	1.470564e-01	1.531019e-01	-6.123234e-16	6.045437e-03
